40 30
    0 171 166 167 168 169 170 175 4 95 123 0 4 95 4 0 126 125 97 69 41 13 12 13 7 66 38 0 10 0 
    1 172 167 168 169 170 9 10 0 123 2 1 0 123 0 1 127 126 98 70 69 41 40 41 13 7 6 5 0 1 
    2 173 168 169 170 9 171 0 1 2 152 2 123 124 123 2 128 127 99 71 70 69 68 69 41 13 12 11 1 2 
    3 174 169 170 9 171 172 1 2 152 153 3 124 3 2 3 129 128 100 99 98 97 96 97 69 41 40 39 2 3 
    4 175 170 9 171 172 173 2 3 153 158 153 3 153 3 4 130 129 128 100 99 98 97 98 70 69 68 67 3 4 
    0 10 9 171 172 173 174 3 4 154 159 158 153 154 4 0 131 130 129 101 100 99 98 99 98 97 96 95 4 0 
    1 0 171 172 173 174 175 4 0 155 160 159 154 155 154 155 0 131 130 102 101 100 99 127 126 125 124 123 0 1 
    2 1 172 173 174 175 10 0 5 6 7 160 155 6 155 6 5 0 131 130 129 101 100 128 127 126 125 124 123 2 
    3 2 173 174 175 10 0 5 11 12 13 7 6 7 6 12 11 1 132 131 130 129 101 129 128 127 126 125 124 3 
    4 3 174 175 10 0 5 11 39 40 41 13 7 8 7 13 12 11 1 132 131 130 129 3 129 128 127 126 125 4 
    0 4 175 10 0 5 11 39 67 68 69 41 13 14 13 41 13 12 11 1 0 4 3 67 3 129 128 127 126 0 
    1 0 10 0 5 11 39 67 95 96 97 69 41 42 14 42 41 40 39 11 1 0 4 95 67 3 129 128 127 1 
    2 123 0 1 11 39 40 68 96 97 98 70 69 70 42 70 42 41 40 39 2 123 95 96 95 4 130 129 128 2 
    3 124 123 2 39 40 41 69 97 98 126 98 97 98 70 98 70 69 68 67 3 124 96 124 123 0 131 130 129 3 
    4 125 124 3 67 68 69 70 98 126 0 126 125 126 98 126 98 97 69 68 67 3 124 3 2 1 132 131 130 4 
    0 126 125 4 95 96 97 98 126 0 38 0 4 0 126 0 126 125 97 96 95 4 125 4 3 2 1 132 131 0 
    5 0 126 0 123 124 125 126 0 38 6 38 0 38 0 38 0 4 125 124 123 0 126 0 4 3 2 1 132 1 
    6 155 0 1 2 3 4 0 5 6 7 66 38 66 38 6 155 154 4 3 2 1 0 38 0 4 3 2 133 2 
    7 6 5 151 152 153 154 155 6 7 8 94 66 94 66 7 160 159 154 153 152 151 5 6 5 0 4 3 134 3 
    8 7 6 156 157 158 159 160 7 8 166 8 94 122 94 8 165 160 159 158 157 156 6 156 6 38 0 4 135 4 
    9 8 7 161 162 163 164 165 8 166 171 9 122 150 122 9 8 7 160 159 158 157 156 157 156 6 38 0 136 0 
    10 9 8 166 167 168 169 170 9 171 172 171 9 10 9 171 166 161 7 160 159 158 157 158 157 156 6 5 0 1 
    0 171 166 167 168 169 170 9 171 172 173 172 171 0 171 0 171 166 8 165 164 163 162 163 162 157 156 151 1 2 
    1 172 167 168 169 170 9 171 172 173 174 173 172 1 172 1 172 171 166 8 165 164 163 164 163 162 157 152 2 3 
    2 173 168 169 170 9 171 172 173 174 175 174 173 2 173 2 1 0 171 9 170 169 164 169 164 163 158 153 3 4 
    3 174 169 170 9 171 172 173 174 175 10 175 174 3 174 3 2 1 172 171 9 170 169 174 169 164 159 154 4 0 
    4 175 170 9 171 172 173 174 175 10 37 10 175 4 175 4 3 2 1 0 10 175 170 175 170 165 160 155 0 5 
    0 10 9 171 172 173 174 175 10 37 65 37 10 0 4 154 153 152 151 5 0 10 9 10 175 170 165 160 155 6 
    1 0 171 172 173 174 175 10 37 65 66 38 0 155 154 159 158 157 156 6 38 37 36 37 10 175 170 165 160 7 
    2 1 172 173 174 175 10 0 38 66 7 6 155 160 159 164 163 162 161 7 66 65 64 65 37 10 9 170 165 8 
    3 2 173 174 175 10 37 38 66 7 161 7 160 165 164 169 168 167 166 8 94 66 65 66 38 37 10 175 170 9 
    4 3 174 175 10 37 65 66 7 161 166 8 165 170 169 174 173 172 171 9 122 94 66 94 66 38 0 4 175 10 
    0 4 175 10 37 65 66 7 161 166 171 9 170 175 174 3 2 1 0 10 9 8 7 8 7 6 155 154 4 0 
    5 0 10 37 65 93 94 8 166 171 0 10 175 4 3 67 39 11 5 0 10 9 8 35 34 7 160 155 0 5 
    6 38 37 65 93 94 8 9 171 0 5 0 4 95 67 68 40 12 6 38 37 36 35 63 35 8 165 160 155 6 
    7 66 65 93 94 8 166 171 172 1 11 1 0 123 95 96 68 40 12 6 38 37 36 64 36 9 8 7 160 7 
    8 94 93 94 8 166 167 172 1 11 39 2 123 124 123 124 96 68 40 12 6 38 37 65 37 10 9 8 165 8 
    9 122 94 8 166 167 168 173 2 39 67 3 124 125 124 125 97 69 68 40 12 6 38 66 65 37 36 9 170 9 
    10 9 8 166 167 168 169 174 3 67 95 4 3 4 3 4 125 97 96 68 40 12 6 7 66 65 37 10 9 10 
    0 171 166 167 168 169 170 175 4 95 123 0 4 95 4 0 126 125 97 69 41 13 12 13 7 66 38 0 10 0 


40 30
    0 171 166 167 168 169 170 175 4 95 123 0 4 95 4 0 126 125 97 69 41 13 12 13 7 66 38 0 10 0 
    1 172 167 168 169 170 9 10 0 123 2 1 0 123 0 1 127 126 98 70 69 41 40 41 13 7 6 5 0 1 
    2 173 168 169 170 9 171 0 1 2 152 2 123 124 123 2 128 127 99 71 70 69 68 69 41 13 12 11 1 2 
    3 174 169 170 9 171 172 1 2 152 153 3 124 3 2 3 129 128 100 99 98 97 96 97 69 41 40 39 2 3 
    4 175 170 9 171 172 173 2 3 153 158 153 3 153 3 4 130 129 128 100 99 98 97 98 70 69 68 67 3 4 
    0 10 9 171 172 173 174 3 4 154 159 158 153 154 4 0 131 130 129 101 100 99 98 99 98 97 96 95 4 0 
    1 0 171 172 173 174 175 4 0 155 160 159 154 155 154 155 0 131 130 102 101 100 99 127 126 125 124 123 0 1 
    2 1 172 173 174 175 10 0 5 6 7 160 155 6 155 6 5 0 131 130 129 101 100 128 127 126 125 124 123 2 
    3 2 173 174 175 10 0 5 11 12 13 7 6 7 6 12 11 1 132 131 130 129 101 129 128 127 126 125 124 3 
    4 3 174 175 10 0 5 11 39 40 41 13 7 8 7 13 12 11 1 132 131 130 129 3 129 128 127 126 125 4 
    0 4 175 10 0 5 11 39 67 68 69 41 13 14 13 41 13 12 11 1 0 4 3 67 3 129 128 127 126 0 
    1 0 10 0 5 11 39 67 95 96 97 69 41 42 14 42 41 40 39 11 1 0 4 95 67 3 129 128 127 1 
    2 123 0 1 11 39 40 68 96 97 98 70 69 70 42 70 42 41 40 39 2 123 95 96 95 4 130 129 128 2 
    3 124 123 2 39 40 41 69 97 98 126 98 97 98 70 98 70 69 68 67 3 124 96 124 123 0 131 130 129 3 
    4 125 124 3 67 68 69 70 98 126 0 126 125 126 98 126 98 97 69 68 67 3 124 3 2 1 132 131 130 4 
    0 126 125 4 95 96 97 98 126 0 38 0 4 0 126 0 126 125 97 96 95 4 125 4 3 2 1 132 131 0 
    5 0 126 0 123 124 125 126 0 38 6 38 0 38 0 38 0 4 125 124 123 0 126 0 4 3 2 1 132 1 
    6 155 0 1 2 3 4 0 5 6 7 66 38 66 38 6 155 154 4 3 2 1 0 38 0 4 3 2 133 2 
    7 6 5 151 152 153 154 155 6 7 8 94 66 94 66 7 160 159 154 153 152 151 5 6 5 0 4 3 134 3 
    8 7 6 156 157 158 159 160 7 8 9 8 94 122 94 8 165 160 159 158 157 156 6 156 6 38 0 4 135 4 
    9 8 7 161 162 163 164 165 8 166 171 9 122 150 122 9 8 7 160 159 158 157 156 157 156 6 38 0 136 0 
    10 9 8 166 167 168 169 170 9 171 172 171 9 10 9 171 166 161 7 160 159 158 157 158 157 156 6 5 0 1 
    0 171 166 167 168 169 170 9 171 172 173 172 171 0 171 0 171 166 8 165 164 163 162 163 162 157 156 151 1 2 
    1 172 167 168 169 170 9 171 172 173 174 173 172 1 172 1 172 171 166 8 165 164 163 164 163 162 157 152 2 3 
    2 173 168 169 170 9 171 172 173 174 175 174 173 2 173 2 1 0 171 9 170 169 164 169 164 163 158 153 3 4 
    3 174 169 170 9 171 172 173 174 175 10 175 174 3 174 3 2 1 172 171 9 170 169 174 169 164 159 154 4 0 
    4 175 170 9 171 172 173 174 175 10 37 10 175 4 175 4 3 2 1 0 10 175 170 175 170 165 160 155 0 5 
    0 10 9 171 172 173 174 175 10 37 65 37 10 0 4 154 153 152 151 5 0 10 9 10 175 170 165 160 155 6 
    1 0 171 172 173 174 175 10 37 65 66 38 0 155 154 159 158 157 156 6 38 37 36 37 10 175 170 165 160 7 
    2 1 172 173 174 175 10 0 38 66 7 6 155 160 159 164 163 162 161 7 66 65 64 65 37 10 9 170 165 8 
    3 2 173 174 175 10 37 38 66 7 161 7 160 165 164 169 168 167 166 8 94 66 65 66 38 37 10 175 170 9 
    4 3 174 175 10 37 65 66 7 161 166 8 165 170 169 174 173 172 171 9 122 94 66 94 66 38 0 4 175 10 
    0 4 175 10 37 65 66 7 161 166 171 9 170 175 174 3 2 1 0 10 9 8 7 8 7 6 155 154 4 0 
    5 0 10 37 65 93 94 8 166 171 0 10 175 4 3 67 39 11 5 0 10 9 8 35 34 7 160 155 0 5 
    6 38 37 65 93 94 8 9 171 0 5 0 4 95 67 68 40 12 6 38 37 36 35 63 35 8 165 160 155 6 
    7 66 65 93 94 8 166 171 172 1 11 1 0 123 95 96 68 40 12 6 38 37 36 64 36 9 8 7 160 7 
    8 94 93 94 8 166 167 172 1 11 39 2 123 124 123 124 96 68 40 12 6 38 37 65 37 10 9 8 165 8 
    9 122 94 8 166 167 168 173 2 39 67 3 124 125 124 125 97 69 68 40 12 6 38 66 65 37 36 9 170 9 
    10 9 8 166 167 168 169 174 3 67 95 4 3 4 3 4 125 97 96 68 40 12 6 7 66 65 37 10 9 10 
    0 171 166 167 168 169 170 175 4 95 123 0 4 95 4 0 126 125 97 69 41 13 12 13 7 66 38 0 10 0 


40 30
    0 171 166 167 168 169 170 175 4 95 123 0 4 95 4 0 126 125 97 69 41 13 12 13 7 66 38 0 10 0 
    1 172 167 168 169 170 9 10 0 123 2 1 0 123 0 1 127 126 98 70 69 41 40 41 13 7 6 5 0 1 
    2 173 168 169 170 9 171 0 1 2 152 2 123 124 123 2 128 127 99 71 70 69 68 69 41 13 12 11 1 2 
    3 174 169 170 9 171 172 1 2 152 153 3 124 3 2 3 129 128 100 99 98 97 96 97 69 41 40 39 2 3 
    4 175 170 9 171 172 173 2 3 153 158 153 3 153 3 4 130 129 128 100 99 98 97 98 70 69 68 67 3 4 
    0 10 9 171 172 173 174 3 4 154 159 158 153 154 4 0 131 130 129 101 100 99 98 99 98 97 96 95 4 0 
    1 0 171 172 173 174 175 4 0 155 160 159 154 155 154 155 0 131 130 102 101 100 99 127 126 125 124 123 0 1 
    2 1 172 173 174 175 10 0 5 6 7 160 155 6 155 6 5 0 131 130 129 101 100 128 127 126 125 124 123 2 
    3 2 173 174 175 10 0 5 11 12 13 7 6 7 6 12 11 1 132 131 130 129 101 129 128 127 126 125 124 3 
    4 3 174 175 10 0 5 11 39 40 41 13 7 8 7 13 12 11 1 132 131 130 129 3 129 128 127 126 125 4 
    0 4 175 10 0 5 11 39 67 68 69 41 13 14 13 41 13 12 11 1 0 4 3 67 3 129 128 127 126 0 
    1 0 10 0 5 11 39 67 95 96 97 69 41 42 14 42 41 40 39 11 1 0 4 95 67 3 129 128 127 1 
    2 123 0 1 11 39 40 68 96 97 98 70 69 70 42 70 42 41 40 39 2 123 95 96 95 4 130 129 128 2 
    3 124 123 2 39 40 41 69 97 98 126 98 97 98 70 98 70 69 68 67 3 124 96 124 123 0 131 130 129 3 
    4 125 124 3 67 68 69 70 98 126 0 126 125 126 98 126 98 97 69 68 67 3 124 3 2 1 132 131 130 4 
    0 126 125 4 95 96 97 98 126 0 38 0 4 0 126 0 126 125 97 96 95 4 125 4 3 2 1 132 131 0 
    5 0 126 0 123 124 125 126 0 38 6 38 0 38 0 38 0 4 125 124 123 0 126 0 4 3 2 1 132 1 
    6 155 0 1 2 3 4 0 5 6 7 66 38 66 38 6 155 154 4 3 2 1 0 38 0 4 3 2 133 2 
    7 6 5 151 152 153 154 155 6 7 8 94 66 94 66 7 160 159 154 153 152 151 5 6 5 0 4 3 134 3 
    8 7 6 156 157 158 159 160 7 8 9 8 94 122 94 8 165 160 159 158 157 156 6 156 6 38 0 4 135 4 
    9 8 7 161 162 163 164 165 8 166 171 9 122 150 122 9 8 7 160 159 158 157 156 157 156 6 38 0 136 0 
    10 9 8 166 167 168 169 170 9 171 172 171 9 10 9 171 166 161 7 160 159 158 157 158 157 156 6 5 0 1 
    0 171 166 167 168 169 170 9 171 172 173 172 171 0 171 0 171 166 8 165 164 163 162 163 162 157 156 151 1 2 
    1 172 167 168 169 170 9 171 172 173 174 173 172 1 172 1 172 171 166 8 165 164 163 164 163 162 157 152 2 3 
    2 173 168 169 170 9 171 172 173 174 175 174 173 2 173 2 1 0 171 9 170 169 164 169 164 163 158 153 3 4 
    3 174 169 170 9 171 172 173 174 175 10 175 174 3 174 3 2 1 172 171 9 170 169 174 169 164 159 154 4 0 
    4 175 170 9 171 172 173 174 175 10 37 10 175 4 175 4 3 2 1 0 10 175 170 175 170 165 160 155 0 5 
    0 10 9 171 172 173 174 175 10 37 38 37 10 0 4 154 153 152 151 5 0 10 9 10 175 170 165 160 155 6 
    1 0 171 172 173 174 175 10 37 38 6 38 0 155 154 159 158 157 156 6 38 37 36 37 10 175 170 165 160 7 
    2 1 172 173 174 175 10 0 38 66 7 6 155 160 159 164 163 162 161 7 66 65 64 65 37 10 9 170 165 8 
    3 2 173 174 175 10 37 38 66 7 161 7 160 165 164 169 168 167 166 8 94 66 65 66 38 37 10 175 170 9 
    4 3 174 175 10 37 65 66 7 161 166 8 165 170 169 174 173 172 171 9 122 94 66 94 66 38 0 4 175 10 
    0 4 175 10 37 65 66 7 161 166 171 9 170 175 174 3 2 1 0 10 9 8 7 8 7 6 155 154 4 0 
    5 0 10 37 65 93 94 8 166 171 0 10 175 4 3 67 39 11 5 0 10 9 8 35 34 7 160 155 0 5 
    6 38 37 65 93 94 8 9 171 0 5 0 4 95 67 68 40 12 6 38 37 36 35 63 35 8 165 160 155 6 
    7 66 65 93 94 8 166 171 172 1 11 1 0 123 95 96 68 40 12 6 38 37 36 64 36 9 8 7 160 7 
    8 94 93 94 8 166 167 172 1 11 39 2 123 124 123 124 96 68 40 12 6 38 37 65 37 10 9 8 165 8 
    9 122 94 8 166 167 168 173 2 39 67 3 124 125 124 125 97 69 68 40 12 6 38 66 65 37 36 9 170 9 
    10 9 8 166 167 168 169 174 3 67 95 4 3 4 3 4 125 97 96 68 40 12 6 7 66 65 37 10 9 10 
    0 171 166 167 168 169 170 175 4 95 123 0 4 95 4 0 126 125 97 69 41 13 12 13 7 66 38 0 10 0 


40 30
    0 171 166 167 168 169 170 175 4 95 123 0 4 95 4 0 126 125 97 69 41 13 12 13 7 66 38 0 10 0 
    1 172 167 168 169 170 9 10 0 123 2 1 0 123 0 1 127 126 98 70 69 41 40 41 13 7 6 5 0 1 
    2 173 168 169 170 9 171 0 1 2 3 2 123 124 123 2 128 127 99 71 70 69 68 69 41 13 12 11 1 2 
    3 174 169 170 9 171 172 1 2 152 153 3 124 3 2 3 129 128 100 99 98 97 96 97 69 41 40 39 2 3 
    4 175 170 9 171 172 173 2 3 153 158 153 3 153 3 4 130 129 128 100 99 98 97 98 70 69 68 67 3 4 
    0 10 9 171 172 173 174 3 4 154 159 158 153 154 4 0 131 130 129 101 100 99 98 99 98 97 96 95 4 0 
    1 0 171 172 173 174 175 4 0 155 160 159 154 155 154 155 0 131 130 102 101 100 99 127 126 125 124 123 0 1 
    2 1 172 173 174 175 10 0 5 6 7 160 155 6 155 6 5 0 131 130 129 101 100 128 127 126 125 124 123 2 
    3 2 173 174 175 10 0 5 11 12 13 7 6 7 6 12 11 1 132 131 130 129 101 129 128 127 126 125 124 3 
    4 3 174 175 10 0 5 11 39 40 41 13 7 8 7 13 12 11 1 132 131 130 129 3 129 128 127 126 125 4 
    0 4 175 10 0 5 11 39 67 68 69 41 13 14 13 41 13 12 11 1 0 4 3 67 3 129 128 127 126 0 
    1 0 10 0 5 11 39 67 95 96 97 69 41 42 14 42 41 40 39 11 1 0 4 95 67 3 129 128 127 1 
    2 123 0 1 11 39 40 68 96 97 98 70 69 70 42 70 42 41 40 39 2 123 95 96 95 4 130 129 128 2 
    3 124 123 2 39 40 41 69 97 98 126 98 97 98 70 98 70 69 68 67 3 124 96 124 123 0 131 130 129 3 
    4 125 124 3 67 68 69 70 98 126 0 126 125 126 98 126 98 97 69 68 67 3 124 3 2 1 132 131 130 4 
    0 126 125 4 95 96 97 98 126 0 38 0 4 0 126 0 126 125 97 96 95 4 125 4 3 2 1 132 131 0 
    5 0 126 0 123 124 125 126 0 38 6 38 0 38 0 38 0 4 125 124 123 0 126 0 4 3 2 1 132 1 
    6 155 0 1 2 3 4 0 5 6 7 66 38 66 38 6 155 154 4 3 2 1 0 38 0 4 3 2 133 2 
    7 6 5 151 152 153 154 155 6 7 8 94 66 94 66 7 160 159 154 153 152 151 5 6 5 0 4 3 134 3 
    8 7 6 156 157 158 159 160 7 8 9 8 94 122 94 8 165 160 159 158 157 156 6 156 6 38 0 4 135 4 
    9 8 7 161 162 163 164 165 8 166 171 9 122 150 122 9 8 7 160 159 158 157 156 157 156 6 38 0 136 0 
    10 9 8 166 167 168 169 170 9 171 172 171 9 10 9 171 166 161 7 160 159 158 157 158 157 156 6 5 0 1 
    0 171 166 167 168 169 170 9 171 172 173 172 171 0 171 0 171 166 8 165 164 163 162 163 162 157 156 151 1 2 
    1 172 167 168 169 170 9 171 172 173 174 173 172 1 172 1 172 171 166 8 165 164 163 164 163 162 157 152 2 3 
    2 173 168 169 170 9 171 172 173 174 175 174 173 2 173 2 1 0 171 9 170 169 164 169 164 163 158 153 3 4 
    3 174 169 170 9 171 172 173 174 175 10 175 174 3 174 3 2 1 172 171 9 170 169 174 169 164 159 154 4 0 
    4 175 170 9 171 172 173 174 175 10 37 10 175 4 175 4 3 2 1 0 10 175 170 175 170 165 160 155 0 5 
    0 10 9 171 172 173 174 175 10 37 38 37 10 0 4 154 153 152 151 5 0 10 9 10 175 170 165 160 155 6 
    1 0 171 172 173 174 175 10 37 38 6 38 0 155 154 159 158 157 156 6 38 37 36 37 10 175 170 165 160 7 
    2 1 172 173 174 175 10 0 38 66 7 6 155 160 159 164 163 162 161 7 66 65 64 65 37 10 9 170 165 8 
    3 2 173 174 175 10 37 38 66 7 161 7 160 165 164 169 168 167 166 8 94 66 65 66 38 37 10 175 170 9 
    4 3 174 175 10 37 65 66 7 161 166 8 165 170 169 174 173 172 171 9 122 94 66 94 66 38 0 4 175 10 
    0 4 175 10 37 65 66 7 161 166 171 9 170 175 174 3 2 1 0 10 9 8 7 8 7 6 155 154 4 0 
    5 0 10 37 65 93 94 8 166 171 0 10 175 4 3 67 39 11 5 0 10 9 8 35 34 7 160 155 0 5 
    6 38 37 65 93 94 8 9 171 0 5 0 4 95 67 68 40 12 6 38 37 36 35 63 35 8 165 160 155 6 
    7 66 65 93 94 8 166 171 172 1 11 1 0 123 95 96 68 40 12 6 38 37 36 64 36 9 8 7 160 7 
    8 94 93 94 8 166 167 172 1 11 39 2 123 124 123 124 96 68 40 12 6 38 37 65 37 10 9 8 165 8 
    9 122 94 8 166 167 168 173 2 39 67 3 124 125 124 125 97 69 68 40 12 6 38 66 65 37 36 9 170 9 
    10 9 8 166 167 168 169 174 3 67 95 4 3 4 3 4 125 97 96 68 40 12 6 7 66 65 37 10 9 10 
    0 171 166 167 168 169 170 175 4 95 123 0 4 95 4 0 126 125 97 69 41 13 12 13 7 66 38 0 10 0 


40 30
    0 171 166 167 168 169 170 175 4 95 123 0 4 95 4 0 126 125 97 69 41 13 12 13 7 66 38 0 10 0 
    1 172 167 168 169 170 9 10 0 123 2 1 0 123 0 1 127 126 98 70 69 41 40 41 13 7 6 5 0 1 
    2 173 168 169 170 9 171 0 1 2 3 2 123 124 123 2 128 127 99 71 70 69 68 69 41 13 12 11 1 2 
    3 174 169 170 9 171 172 1 2 152 153 3 124 3 2 3 129 128 100 99 98 97 96 97 69 41 40 39 2 3 
    4 175 170 9 171 172 173 2 3 153 158 153 3 153 3 4 130 129 128 100 99 98 97 98 70 69 68 67 3 4 
    0 10 9 171 172 173 174 3 4 154 159 158 153 154 4 0 131 130 129 101 100 99 98 99 98 97 96 95 4 0 
    1 0 171 172 173 174 175 4 0 155 160 159 154 155 154 155 0 131 130 102 101 100 99 127 126 125 124 123 0 1 
    2 1 172 173 174 175 10 0 5 6 7 160 155 6 155 6 5 0 131 130 129 101 100 128 127 126 125 124 123 2 
    3 2 173 174 175 10 0 5 11 12 13 7 6 7 6 12 11 1 132 131 130 129 101 129 128 127 126 125 124 3 
    4 3 174 175 10 0 5 11 39 40 41 13 7 8 7 13 12 11 1 132 131 130 129 3 129 128 127 126 125 4 
    0 4 175 10 0 5 11 39 67 68 69 41 13 14 13 41 13 12 11 1 0 4 3 67 3 129 128 127 126 0 
    1 0 10 0 5 11 39 67 95 96 97 69 41 42 14 42 41 40 39 11 1 0 4 95 67 3 129 128 127 1 
    2 123 0 1 11 39 40 68 96 97 98 70 69 70 42 70 42 41 40 39 2 123 95 96 95 4 130 129 128 2 
    3 124 123 2 39 40 41 69 97 98 126 98 97 98 70 98 70 69 68 67 3 124 96 124 123 0 131 130 129 3 
    4 125 124 3 67 68 69 70 98 126 0 126 125 126 98 126 98 97 69 68 67 3 124 3 2 1 132 131 130 4 
    0 126 125 4 95 96 97 98 126 0 38 0 4 0 126 0 126 125 97 96 95 4 125 4 3 2 1 132 131 0 
    5 0 126 0 123 124 125 126 0 38 6 38 0 38 0 38 0 4 125 124 123 0 126 0 4 3 2 1 132 1 
    6 155 0 1 2 3 4 0 5 6 7 66 38 66 38 6 155 154 4 3 2 1 0 38 0 4 3 2 133 2 
    7 6 5 151 152 153 154 155 6 7 8 94 66 94 66 7 160 159 154 153 152 151 5 6 5 0 4 3 134 3 
    8 7 6 156 157 158 159 160 7 8 9 8 94 122 94 8 165 160 159 158 157 156 6 156 6 38 0 4 135 4 
    9 8 7 161 162 163 164 165 8 9 10 9 122 150 122 9 8 7 160 159 158 157 156 157 156 6 38 0 136 0 
    10 9 8 166 167 168 169 170 9 171 0 171 9 10 9 171 166 161 7 160 159 158 157 158 157 156 6 5 0 1 
    0 171 166 167 168 169 170 9 171 172 1 172 171 0 171 0 171 166 8 165 164 163 162 163 162 157 156 151 1 2 
    1 172 167 168 169 170 9 171 172 173 2 173 172 1 172 1 172 171 166 8 165 164 163 164 163 162 157 152 2 3 
    2 173 168 169 170 9 171 172 173 174 3 174 173 2 173 2 1 0 171 9 170 169 164 169 164 163 158 153 3 4 
    3 174 169 170 9 171 172 173 174 175 4 175 174 3 174 3 2 1 172 171 9 170 169 174 169 164 159 154 4 0 
    4 175 170 9 171 172 173 174 175 10 0 10 175 4 175 4 3 2 1 0 10 175 170 175 170 165 160 155 0 5 
    0 10 9 171 172 173 174 175 10 37 38 37 10 0 4 154 153 152 151 5 0 10 9 10 175 170 165 160 155 6 
    1 0 171 172 173 174 175 10 37 38 6 38 0 155 154 159 158 157 156 6 38 37 36 37 10 175 170 165 160 7 
    2 1 172 173 174 175 10 0 38 66 7 6 155 160 159 164 163 162 161 7 66 65 64 65 37 10 9 170 165 8 
    3 2 173 174 175 10 37 38 66 7 161 7 160 165 164 169 168 167 166 8 94 66 65 66 38 37 10 175 170 9 
    4 3 174 175 10 37 65 66 7 161 166 8 165 170 169 174 173 172 171 9 122 94 66 94 66 38 0 4 175 10 
    0 4 175 10 37 65 66 7 161 166 171 9 170 175 174 3 2 1 0 10 9 8 7 8 7 6 155 154 4 0 
    5 0 10 37 65 93 94 8 166 171 0 10 175 4 3 67 39 11 5 0 10 9 8 35 34 7 160 155 0 5 
    6 38 37 65 93 94 8 9 171 0 5 0 4 95 67 68 40 12 6 38 37 36 35 63 35 8 165 160 155 6 
    7 66 65 93 94 8 166 171 172 1 11 1 0 123 95 96 68 40 12 6 38 37 36 64 36 9 8 7 160 7 
    8 94 93 94 8 166 167 172 1 11 39 2 123 124 123 124 96 68 40 12 6 38 37 65 37 10 9 8 165 8 
    9 122 94 8 166 167 168 173 2 39 67 3 124 125 124 125 97 69 68 40 12 6 38 66 65 37 36 9 170 9 
    10 9 8 166 167 168 169 174 3 67 95 4 3 4 3 4 125 97 96 68 40 12 6 7 66 65 37 10 9 10 
    0 171 166 167 168 169 170 175 4 95 123 0 4 95 4 0 126 125 97 69 41 13 12 13 7 66 38 0 10 0 


40 30
    0 171 166 167 168 169 170 175 4 95 123 0 4 95 4 0 126 125 97 69 41 13 12 13 7 66 38 0 10 0 
    1 172 167 168 169 170 9 10 0 123 2 1 0 123 0 1 127 126 98 70 69 41 40 41 13 7 6 5 0 1 
    2 173 168 169 170 9 171 0 1 2 3 2 123 124 123 2 128 127 99 71 70 69 68 69 41 13 12 11 1 2 
    3 174 169 170 9 171 172 1 2 152 153 3 124 3 2 3 129 128 100 99 98 97 96 97 69 41 40 39 2 3 
    4 175 170 9 171 172 173 2 3 153 158 153 3 153 3 4 130 129 128 100 99 98 97 98 70 69 68 67 3 4 
    0 10 9 171 172 173 174 3 4 154 159 158 153 154 4 0 131 130 129 101 100 99 98 99 98 97 96 95 4 0 
    1 0 171 172 173 174 175 4 0 155 160 159 154 155 154 155 0 131 130 102 101 100 99 127 126 125 124 123 0 1 
    2 1 172 173 174 175 10 0 5 6 7 160 155 6 155 6 5 0 131 130 129 101 100 128 127 126 125 124 123 2 
    3 2 173 174 175 10 0 5 11 12 13 7 6 7 6 12 11 1 132 131 130 129 101 129 128 127 126 125 124 3 
    4 3 174 175 10 0 5 11 39 40 41 13 7 8 7 13 12 11 1 132 131 130 129 3 129 128 127 126 125 4 
    0 4 175 10 0 5 11 39 67 68 69 41 13 14 13 41 13 12 11 1 0 4 3 67 3 129 128 127 126 0 
    1 0 10 0 5 11 39 67 95 96 97 69 41 42 14 42 41 40 39 11 1 0 4 95 67 3 129 128 127 1 
    2 123 0 1 11 39 40 68 96 97 98 70 69 70 42 70 42 41 40 39 2 123 95 96 95 4 130 129 128 2 
    3 124 123 2 39 40 41 69 97 98 126 98 97 98 70 98 70 69 68 67 3 124 96 124 123 0 131 130 129 3 
    4 125 124 3 67 68 69 70 98 126 0 126 125 126 98 126 98 97 69 68 67 3 124 3 2 1 132 131 130 4 
    0 126 125 4 95 96 97 98 126 0 38 0 4 0 126 0 126 125 97 96 95 4 125 4 3 2 1 132 131 0 
    5 0 126 0 123 124 125 126 0 38 6 38 0 38 0 38 0 4 125 124 123 0 126 0 4 3 2 1 132 1 
    6 155 0 1 2 3 4 0 5 6 7 66 38 66 38 6 155 154 4 3 2 1 0 38 0 4 3 2 133 2 
    7 6 5 151 152 153 154 155 6 7 8 94 66 94 66 7 160 159 154 153 152 151 5 6 5 0 4 3 134 3 
    8 7 6 156 157 158 159 160 7 8 9 8 94 122 94 8 165 160 159 158 157 156 6 156 6 38 0 4 135 4 
    9 8 7 161 162 163 164 165 8 9 10 9 122 150 122 9 8 7 160 159 158 157 156 157 156 6 38 0 136 0 
    10 9 8 166 167 168 169 170 9 171 0 171 9 10 9 171 166 161 7 160 159 158 157 158 157 156 6 5 0 1 
    0 171 166 167 168 169 170 9 171 172 1 172 171 0 171 0 171 166 8 165 164 163 162 163 162 157 156 151 1 2 
    1 172 167 168 169 170 9 171 172 173 2 173 172 1 172 1 172 171 166 8 165 164 163 164 163 162 157 152 2 3 
    2 173 168 169 170 9 171 172 173 174 3 174 173 2 173 2 1 0 171 9 170 169 164 169 164 163 158 153 3 4 
    3 174 169 170 9 171 172 173 174 175 4 175 174 3 174 3 2 1 172 171 9 170 169 174 169 164 159 154 4 0 
    4 175 170 9 171 172 173 174 175 10 0 10 175 4 175 4 3 2 1 0 10 175 170 175 170 165 160 155 0 5 
    0 10 9 171 172 173 174 175 10 0 5 0 10 0 4 154 153 152 151 5 0 10 9 10 175 170 165 160 155 6 
    1 0 171 172 173 174 175 10 37 38 6 38 0 155 154 159 158 157 156 6 38 37 36 37 10 175 170 165 160 7 
    2 1 172 173 174 175 10 0 38 66 7 6 155 160 159 164 163 162 161 7 66 65 64 65 37 10 9 170 165 8 
    3 2 173 174 175 10 37 38 66 7 161 7 160 165 164 169 168 167 166 8 94 66 65 66 38 37 10 175 170 9 
    4 3 174 175 10 37 65 66 7 161 166 8 165 170 169 174 173 172 171 9 122 94 66 94 66 38 0 4 175 10 
    0 4 175 10 37 65 66 7 161 166 171 9 170 175 174 3 2 1 0 10 9 8 7 8 7 6 155 154 4 0 
    5 0 10 37 65 93 94 8 166 171 0 10 175 4 3 67 39 11 5 0 10 9 8 35 34 7 160 155 0 5 
    6 38 37 65 93 94 8 9 171 0 5 0 4 95 67 68 40 12 6 38 37 36 35 63 35 8 165 160 155 6 
    7 66 65 93 94 8 166 171 172 1 11 1 0 123 95 96 68 40 12 6 38 37 36 64 36 9 8 7 160 7 
    8 94 93 94 8 166 167 172 1 11 39 2 123 124 123 124 96 68 40 12 6 38 37 65 37 10 9 8 165 8 
    9 122 94 8 166 167 168 173 2 39 67 3 124 125 124 125 97 69 68 40 12 6 38 66 65 37 36 9 170 9 
    10 9 8 166 167 168 169 174 3 67 95 4 3 4 3 4 125 97 96 68 40 12 6 7 66 65 37 10 9 10 
    0 171 166 167 168 169 170 175 4 95 123 0 4 95 4 0 126 125 97 69 41 13 12 13 7 66 38 0 10 0 


40 30
    0 171 166 167 168 169 170 175 4 95 123 0 4 95 4 0 126 125 97 69 41 13 12 13 7 66 38 0 10 0 
    1 172 167 168 169 170 9 10 0 123 2 1 0 123 0 1 127 126 98 70 69 41 40 41 13 7 6 5 0 1 
    2 173 168 169 170 9 171 0 1 2 3 2 123 124 123 2 128 127 99 71 70 69 68 69 41 13 12 11 1 2 
    3 174 169 170 9 171 172 1 2 3 4 3 124 3 2 3 129 128 100 99 98 97 96 97 69 41 40 39 2 3 
    4 175 170 9 171 172 173 2 3 4 95 67 3 67 3 4 130 129 128 100 99 98 97 98 70 69 68 67 3 4 
    0 10 9 171 172 173 174 3 4 0 123 95 67 95 4 0 131 130 129 101 100 99 98 99 98 97 96 95 4 0 
    1 0 171 172 173 174 175 4 0 1 2 123 95 123 95 123 0 131 130 102 101 100 99 127 126 125 124 123 0 1 
    2 1 172 173 174 175 10 0 1 2 3 2 123 2 123 2 1 0 131 130 129 101 100 128 127 126 125 124 123 2 
    3 2 173 174 175 10 0 5 11 39 67 3 2 3 2 39 11 1 132 131 130 129 101 129 128 127 126 125 124 3 
    4 3 174 175 10 0 5 11 39 67 95 67 3 4 3 67 39 11 1 132 131 130 129 3 129 128 127 126 125 4 
    0 4 175 10 0 5 11 39 67 95 123 95 67 95 67 68 40 12 11 1 0 4 3 67 3 129 128 127 126 0 
    1 0 10 0 5 11 39 67 95 123 2 123 95 123 95 96 68 40 39 11 1 0 4 95 67 3 129 128 127 1 
    2 123 0 1 11 39 40 68 96 124 3 2 123 124 123 124 96 68 40 39 2 123 95 96 95 4 130 129 128 2 
    3 124 123 2 39 40 41 69 97 125 4 3 2 3 124 125 97 69 68 67 3 124 96 124 123 0 131 130 129 3 
    4 125 124 3 67 68 69 70 98 126 0 4 3 4 125 126 98 97 69 68 67 3 124 3 2 1 132 131 130 4 
    0 126 125 4 95 96 97 98 126 0 38 0 4 0 126 0 126 125 97 96 95 4 125 4 3 2 1 132 131 0 
    5 0 126 0 123 124 125 126 0 38 6 38 0 38 0 38 0 4 125 124 123 0 126 0 4 3 2 1 132 1 
    6 155 0 1 2 3 4 0 5 6 7 66 38 66 38 6 155 154 4 3 2 1 0 38 0 4 3 2 133 2 
    7 6 5 151 152 153 154 155 6 7 8 94 66 94 66 7 160 159 154 153 152 151 5 6 5 0 4 3 134 3 
    8 7 6 156 157 158 159 160 7 8 9 8 94 122 94 8 165 160 159 158 157 156 6 156 6 38 0 4 135 4 
    9 8 7 161 162 163 164 165 8 9 10 9 122 150 122 9 8 7 160 159 158 157 156 157 156 6 38 0 136 0 
    10 9 8 166 167 168 169 170 9 171 0 171 9 10 9 171 166 161 7 160 159 158 157 158 157 156 6 5 0 1 
    0 171 166 167 168 169 170 9 171 172 1 172 171 0 171 0 171 166 8 165 164 163 162 163 162 157 156 151 1 2 
    1 172 167 168 169 170 9 171 172 173 2 173 172 1 172 1 172 171 166 8 165 164 163 164 163 162 157 152 2 3 
    2 173 168 169 170 9 171 172 173 174 3 174 173 2 173 2 1 0 171 9 170 169 164 169 164 163 158 153 3 4 
    3 174 169 170 9 171 172 173 174 175 4 175 174 3 174 3 2 1 172 171 9 170 169 174 169 164 159 154 4 0 
    4 175 170 9 171 172 173 174 175 10 0 10 175 4 175 4 3 2 1 0 10 175 170 175 170 165 160 155 0 5 
    0 10 9 171 172 173 174 175 10 0 5 0 10 0 4 154 153 152 151 5 0 10 9 10 175 170 165 160 155 6 
    1 0 171 172 173 174 175 10 37 38 6 38 0 155 154 159 158 157 156 6 38 37 36 37 10 175 170 165 160 7 
    2 1 172 173 174 175 10 0 38 66 7 6 155 160 159 164 163 162 161 7 66 65 64 65 37 10 9 170 165 8 
    3 2 173 174 175 10 37 38 66 7 161 7 160 165 164 169 168 167 166 8 94 66 65 66 38 37 10 175 170 9 
    4 3 174 175 10 37 65 66 7 161 166 8 165 170 169 174 173 172 171 9 122 94 66 94 66 38 0 4 175 10 
    0 4 175 10 37 65 66 7 161 166 171 9 170 175 174 3 2 1 0 10 9 8 7 8 7 6 155 154 4 0 
    5 0 10 37 65 93 94 8 166 171 0 10 175 4 3 67 39 11 5 0 10 9 8 35 34 7 160 155 0 5 
    6 38 37 65 93 94 8 9 171 0 5 0 4 95 67 68 40 12 6 38 37 36 35 63 35 8 165 160 155 6 
    7 66 65 93 94 8 166 171 172 1 11 1 0 123 95 96 68 40 12 6 38 37 36 64 36 9 8 7 160 7 
    8 94 93 94 8 166 167 172 1 11 39 2 123 124 123 124 96 68 40 12 6 38 37 65 37 10 9 8 165 8 
    9 122 94 8 166 167 168 173 2 39 67 3 124 125 124 125 97 69 68 40 12 6 38 66 65 37 36 9 170 9 
    10 9 8 166 167 168 169 174 3 67 95 4 3 4 3 4 125 97 96 68 40 12 6 7 66 65 37 10 9 10 
    0 171 166 167 168 169 170 175 4 95 123 0 4 95 4 0 126 125 97 69 41 13 12 13 7 66 38 0 10 0 


40 30
    0 171 166 167 168 169 170 175 4 0 1 0 4 95 4 0 126 125 97 69 41 13 12 13 7 66 38 0 10 0 
    1 172 167 168 169 170 9 10 0 123 2 1 0 123 0 1 127 126 98 70 69 41 40 41 13 7 6 5 0 1 
    2 173 168 169 170 9 171 0 1 2 3 2 123 124 123 2 128 127 99 71 70 69 68 69 41 13 12 11 1 2 
    3 174 169 170 9 171 172 1 2 3 4 3 124 3 2 3 129 128 100 99 98 97 96 97 69 41 40 39 2 3 
    4 175 170 9 171 172 173 2 3 4 95 67 3 67 3 4 130 129 128 100 99 98 97 98 70 69 68 67 3 4 
    0 10 9 171 172 173 174 3 4 0 123 95 67 95 4 0 131 130 129 101 100 99 98 99 98 97 96 95 4 0 
    1 0 171 172 173 174 175 4 0 1 2 123 95 123 95 123 0 131 130 102 101 100 99 127 126 125 124 123 0 1 
    2 1 172 173 174 175 10 0 1 2 3 2 123 2 123 2 1 0 131 130 129 101 100 128 127 126 125 124 123 2 
    3 2 173 174 175 10 0 5 11 39 67 3 2 3 2 39 11 1 132 131 130 129 101 129 128 127 126 125 124 3 
    4 3 174 175 10 0 5 11 39 67 95 67 3 4 3 67 39 11 1 132 131 130 129 3 129 128 127 126 125 4 
    0 4 175 10 0 5 11 39 67 95 123 95 67 95 67 68 40 12 11 1 0 4 3 67 3 129 128 127 126 0 
    1 0 10 0 5 11 39 67 95 123 2 123 95 123 95 96 68 40 39 11 1 0 4 95 67 3 129 128 127 1 
    2 123 0 1 11 39 40 68 96 124 3 2 123 124 123 124 96 68 40 39 2 123 95 96 95 4 130 129 128 2 
    3 124 123 2 39 40 41 69 97 125 4 3 2 3 124 125 97 69 68 67 3 124 96 124 123 0 131 130 129 3 
    4 125 124 3 67 68 69 70 98 126 0 4 3 4 125 126 98 97 69 68 67 3 124 3 2 1 132 131 130 4 
    0 126 125 4 95 96 97 98 126 0 38 0 4 0 126 0 126 125 97 96 95 4 125 4 3 2 1 132 131 0 
    5 0 126 0 123 124 125 126 0 38 6 38 0 38 0 38 0 4 125 124 123 0 126 0 4 3 2 1 132 1 
    6 155 0 1 2 3 4 0 5 6 7 66 38 66 38 6 155 154 4 3 2 1 0 38 0 4 3 2 133 2 
    7 6 5 151 152 153 154 155 6 7 8 94 66 94 66 7 160 159 154 153 152 151 5 6 5 0 4 3 134 3 
    8 7 6 156 157 158 159 160 7 8 9 8 94 122 94 8 165 160 159 158 157 156 6 156 6 38 0 4 135 4 
    9 8 7 161 162 163 164 165 8 9 10 9 122 150 122 9 8 7 160 159 158 157 156 157 156 6 38 0 136 0 
    10 9 8 166 167 168 169 170 9 171 0 171 9 10 9 171 166 161 7 160 159 158 157 158 157 156 6 5 0 1 
    0 171 166 167 168 169 170 9 171 172 1 172 171 0 171 0 171 166 8 165 164 163 162 163 162 157 156 151 1 2 
    1 172 167 168 169 170 9 171 172 173 2 173 172 1 172 1 172 171 166 8 165 164 163 164 163 162 157 152 2 3 
    2 173 168 169 170 9 171 172 173 174 3 174 173 2 173 2 1 0 171 9 170 169 164 169 164 163 158 153 3 4 
    3 174 169 170 9 171 172 173 174 175 4 175 174 3 174 3 2 1 172 171 9 170 169 174 169 164 159 154 4 0 
    4 175 170 9 171 172 173 174 175 10 0 10 175 4 175 4 3 2 1 0 10 175 170 175 170 165 160 155 0 5 
    0 10 9 171 172 173 174 175 10 0 5 0 10 0 4 154 153 152 151 5 0 10 9 10 175 170 165 160 155 6 
    1 0 171 172 173 174 175 10 37 38 6 38 0 155 154 159 158 157 156 6 38 37 36 37 10 175 170 165 160 7 
    2 1 172 173 174 175 10 0 38 66 7 6 155 160 159 164 163 162 161 7 66 65 64 65 37 10 9 170 165 8 
    3 2 173 174 175 10 37 38 66 7 161 7 160 165 164 169 168 167 166 8 94 66 65 66 38 37 10 175 170 9 
    4 3 174 175 10 37 65 66 7 161 166 8 165 170 169 174 173 172 171 9 122 94 66 94 66 38 0 4 175 10 
    0 4 175 10 37 65 66 7 161 166 171 9 170 175 174 3 2 1 0 10 9 8 7 8 7 6 155 154 4 0 
    5 0 10 37 65 93 94 8 166 171 0 10 175 4 3 67 39 11 5 0 10 9 8 35 34 7 160 155 0 5 
    6 38 37 65 93 94 8 9 171 0 1 0 4 95 67 68 40 12 6 38 37 36 35 63 35 8 165 160 155 6 
    7 66 65 93 94 8 166 171 172 1 2 1 0 123 95 96 68 40 12 6 38 37 36 64 36 9 8 7 160 7 
    8 94 93 94 8 166 167 172 1 2 3 2 123 124 123 124 96 68 40 12 6 38 37 65 37 10 9 8 165 8 
    9 122 94 8 166 167 168 173 2 3 4 3 124 125 124 125 97 69 68 40 12 6 38 66 65 37 36 9 170 9 
    10 9 8 166 167 168 169 174 3 4 0 4 3 4 3 4 125 97 96 68 40 12 6 7 66 65 37 10 9 10 
    0 171 166 167 168 169 170 175 4 0 1 0 4 95 4 0 126 125 97 69 41 13 12 13 7 66 38 0 10 0 


40 30
    0 171 166 167 168 169 170 175 4 0 1 0 4 95 4 0 126 125 97 69 41 13 12 13 7 66 38 0 10 0 
    1 172 167 168 169 170 9 10 0 123 2 1 0 123 0 1 127 126 98 70 69 41 40 41 13 7 6 5 0 1 
    2 173 168 169 170 9 171 0 1 2 3 2 123 124 123 2 128 127 99 71 70 69 68 69 41 13 12 11 1 2 
    3 174 169 170 9 171 172 1 2 3 4 3 124 3 2 3 129 128 100 99 98 97 96 97 69 41 40 39 2 3 
    4 175 170 9 171 172 173 2 3 4 0 4 3 67 3 4 130 129 128 100 99 98 97 98 70 69 68 67 3 4 
    0 10 9 171 172 173 174 3 4 0 123 95 67 95 4 0 131 130 129 101 100 99 98 99 98 97 96 95 4 0 
    1 0 171 172 173 174 175 4 0 1 2 123 95 123 95 123 0 131 130 102 101 100 99 127 126 125 124 123 0 1 
    2 1 172 173 174 175 10 0 1 2 3 2 123 2 123 2 1 0 131 130 129 101 100 128 127 126 125 124 123 2 
    3 2 173 174 175 10 0 5 11 39 67 3 2 3 2 39 11 1 132 131 130 129 101 129 128 127 126 125 124 3 
    4 3 174 175 10 0 5 11 39 67 95 67 3 4 3 67 39 11 1 132 131 130 129 3 129 128 127 126 125 4 
    0 4 175 10 0 5 11 39 67 95 123 95 67 95 67 68 40 12 11 1 0 4 3 67 3 129 128 127 126 0 
    1 0 10 0 5 11 39 67 95 123 2 123 95 123 95 96 68 40 39 11 1 0 4 95 67 3 129 128 127 1 
    2 123 0 1 11 39 40 68 96 124 3 2 123 124 123 124 96 68 40 39 2 123 95 96 95 4 130 129 128 2 
    3 124 123 2 39 40 41 69 97 125 4 3 2 3 124 125 97 69 68 67 3 124 96 124 123 0 131 130 129 3 
    4 125 124 3 67 68 69 70 98 126 0 4 3 4 125 126 98 97 69 68 67 3 124 3 2 1 132 131 130 4 
    0 126 125 4 95 96 97 98 126 0 38 0 4 0 126 0 126 125 97 96 95 4 125 4 3 2 1 132 131 0 
    5 0 126 0 123 124 125 126 0 38 6 38 0 38 0 38 0 4 125 124 123 0 126 0 4 3 2 1 132 1 
    6 155 0 1 2 3 4 0 5 6 7 66 38 66 38 6 155 154 4 3 2 1 0 38 0 4 3 2 133 2 
    7 6 5 151 152 153 154 155 6 7 8 94 66 94 66 7 160 159 154 153 152 151 5 6 5 0 4 3 134 3 
    8 7 6 156 157 158 159 160 7 8 9 8 94 122 94 8 165 160 159 158 157 156 6 156 6 38 0 4 135 4 
    9 8 7 161 162 163 164 165 8 9 10 9 122 150 122 9 8 7 160 159 158 157 156 157 156 6 38 0 136 0 
    10 9 8 166 167 168 169 170 9 171 0 171 9 10 9 171 166 161 7 160 159 158 157 158 157 156 6 5 0 1 
    0 171 166 167 168 169 170 9 171 172 1 172 171 0 171 0 171 166 8 165 164 163 162 163 162 157 156 151 1 2 
    1 172 167 168 169 170 9 171 172 173 2 173 172 1 172 1 172 171 166 8 165 164 163 164 163 162 157 152 2 3 
    2 173 168 169 170 9 171 172 173 174 3 174 173 2 173 2 1 0 171 9 170 169 164 169 164 163 158 153 3 4 
    3 174 169 170 9 171 172 173 174 175 4 175 174 3 174 3 2 1 172 171 9 170 169 174 169 164 159 154 4 0 
    4 175 170 9 171 172 173 174 175 10 0 10 175 4 175 4 3 2 1 0 10 175 170 175 170 165 160 155 0 5 
    0 10 9 171 172 173 174 175 10 0 5 0 10 0 4 154 153 152 151 5 0 10 9 10 175 170 165 160 155 6 
    1 0 171 172 173 174 175 10 37 38 6 38 0 155 154 159 158 157 156 6 38 37 36 37 10 175 170 165 160 7 
    2 1 172 173 174 175 10 0 38 66 7 6 155 160 159 164 163 162 161 7 66 65 64 65 37 10 9 170 165 8 
    3 2 173 174 175 10 37 38 66 7 161 7 160 165 164 169 168 167 166 8 94 66 65 66 38 37 10 175 170 9 
    4 3 174 175 10 37 65 66 7 161 166 8 165 170 169 174 173 172 171 9 122 94 66 94 66 38 0 4 175 10 
    0 4 175 10 37 65 66 7 161 166 171 9 170 175 174 3 2 1 0 10 9 8 7 8 7 6 155 154 4 0 
    5 0 10 37 65 93 94 8 166 171 0 10 175 4 3 67 39 11 5 0 10 9 8 35 34 7 160 155 0 5 
    6 38 37 65 93 94 8 9 171 0 1 0 4 95 67 68 40 12 6 38 37 36 35 63 35 8 165 160 155 6 
    7 66 65 93 94 8 166 171 172 1 2 1 0 123 95 96 68 40 12 6 38 37 36 64 36 9 8 7 160 7 
    8 94 93 94 8 166 167 172 1 2 3 2 123 124 123 124 96 68 40 12 6 38 37 65 37 10 9 8 165 8 
    9 122 94 8 166 167 168 173 2 3 4 3 124 125 124 125 97 69 68 40 12 6 38 66 65 37 36 9 170 9 
    10 9 8 166 167 168 169 174 3 4 0 4 3 4 3 4 125 97 96 68 40 12 6 7 66 65 37 10 9 10 
    0 171 166 167 168 169 170 175 4 0 1 0 4 95 4 0 126 125 97 69 41 13 12 13 7 66 38 0 10 0 


40 30
    0 171 166 167 168 169 170 175 4 0 1 0 4 95 4 0 126 125 97 69 41 13 12 13 7 66 38 0 10 0 
    1 172 167 168 169 170 9 10 0 123 2 1 0 123 0 1 127 126 98 70 69 41 40 41 13 7 6 5 0 1 
    2 173 168 169 170 9 171 0 1 2 3 2 123 124 123 2 128 127 99 71 70 69 68 69 41 13 12 11 1 2 
    3 174 169 170 9 171 172 1 2 3 4 3 124 3 2 3 129 128 100 99 98 97 96 97 69 41 40 39 2 3 
    4 175 170 9 171 172 173 2 3 4 0 4 3 67 3 4 130 129 128 100 99 98 97 98 70 69 68 67 3 4 
    0 10 9 171 172 173 174 3 4 0 123 95 67 95 4 0 131 130 129 101 100 99 98 99 98 97 96 95 4 0 
    1 0 171 172 173 174 175 4 0 1 2 123 95 123 95 123 0 131 130 102 101 100 99 127 126 125 124 123 0 1 
    2 1 172 173 174 175 10 0 1 2 3 2 123 2 123 2 1 0 131 130 129 101 100 128 127 126 125 124 123 2 
    3 2 173 174 175 10 0 1 2 3 4 3 2 3 2 39 11 1 132 131 130 129 101 129 128 127 126 125 124 3 
    4 3 174 175 10 0 1 2 3 4 0 4 3 4 3 67 39 11 1 132 131 130 129 3 129 128 127 126 125 4 
    0 4 175 10 0 5 11 39 67 95 123 95 67 95 67 68 40 12 11 1 0 4 3 67 3 129 128 127 126 0 
    1 0 10 0 5 11 39 67 95 123 2 123 95 123 95 96 68 40 39 11 1 0 4 95 67 3 129 128 127 1 
    2 123 0 1 11 39 40 68 96 124 3 2 123 124 123 124 96 68 40 39 2 123 95 96 95 4 130 129 128 2 
    3 124 123 2 39 40 41 69 97 125 4 3 2 3 124 125 97 69 68 67 3 124 96 124 123 0 131 130 129 3 
    4 125 124 3 67 68 69 70 98 126 0 4 3 4 125 126 98 97 69 68 67 3 124 3 2 1 132 131 130 4 
    0 126 125 4 95 96 97 98 126 0 38 0 4 0 126 0 126 125 97 96 95 4 125 4 3 2 1 132 131 0 
    5 0 126 0 123 124 125 126 0 38 6 38 0 38 0 38 0 4 125 124 123 0 126 0 4 3 2 1 132 1 
    6 155 0 1 2 3 4 0 5 6 7 66 38 66 38 6 155 154 4 3 2 1 0 38 0 4 3 2 133 2 
    7 6 5 151 152 153 154 155 6 7 8 94 66 94 66 7 160 159 154 153 152 151 5 6 5 0 4 3 134 3 
    8 7 6 156 157 158 159 160 7 8 9 8 94 122 94 8 165 160 159 158 157 156 6 156 6 38 0 4 135 4 
    9 8 7 161 162 163 164 165 8 9 10 9 122 150 122 9 8 7 160 159 158 157 156 157 156 6 38 0 136 0 
    10 9 8 166 167 168 169 170 9 171 0 171 9 10 9 171 166 161 7 160 159 158 157 158 157 156 6 5 0 1 
    0 171 166 167 168 169 170 9 171 172 1 172 171 0 171 0 171 166 8 165 164 163 162 163 162 157 156 151 1 2 
    1 172 167 168 169 170 9 171 172 173 2 173 172 1 172 1 172 171 166 8 165 164 163 164 163 162 157 152 2 3 
    2 173 168 169 170 9 171 172 173 174 3 174 173 2 173 2 1 0 171 9 170 169 164 169 164 163 158 153 3 4 
    3 174 169 170 9 171 172 173 174 175 4 175 174 3 174 3 2 1 172 171 9 170 169 174 169 164 159 154 4 0 
    4 175 170 9 171 172 173 174 175 10 0 10 175 4 175 4 3 2 1 0 10 175 170 175 170 165 160 155 0 5 
    0 10 9 171 172 173 174 175 10 0 5 0 10 0 4 154 153 152 151 5 0 10 9 10 175 170 165 160 155 6 
    1 0 171 172 173 174 175 10 37 38 6 38 0 155 154 159 158 157 156 6 38 37 36 37 10 175 170 165 160 7 
    2 1 172 173 174 175 10 0 38 66 7 6 155 160 159 164 163 162 161 7 66 65 64 65 37 10 9 170 165 8 
    3 2 173 174 175 10 37 38 66 7 161 7 160 165 164 169 168 167 166 8 94 66 65 66 38 37 10 175 170 9 
    4 3 174 175 10 37 65 66 7 161 166 8 165 170 169 174 173 172 171 9 122 94 66 94 66 38 0 4 175 10 
    0 4 175 10 37 65 66 7 161 166 171 9 170 175 174 3 2 1 0 10 9 8 7 8 7 6 155 154 4 0 
    5 0 10 37 65 93 94 8 166 171 0 10 175 4 3 67 39 11 5 0 10 9 8 35 34 7 160 155 0 5 
    6 38 37 65 93 94 8 9 171 0 1 0 4 95 67 68 40 12 6 38 37 36 35 63 35 8 165 160 155 6 
    7 66 65 93 94 8 166 171 172 1 2 1 0 123 95 96 68 40 12 6 38 37 36 64 36 9 8 7 160 7 
    8 94 93 94 8 166 167 172 1 2 3 2 123 124 123 124 96 68 40 12 6 38 37 65 37 10 9 8 165 8 
    9 122 94 8 166 167 168 173 2 3 4 3 124 125 124 125 97 69 68 40 12 6 38 66 65 37 36 9 170 9 
    10 9 8 166 167 168 169 174 3 4 0 4 3 4 3 4 125 97 96 68 40 12 6 7 66 65 37 10 9 10 
    0 171 166 167 168 169 170 175 4 0 1 0 4 95 4 0 126 125 97 69 41 13 12 13 7 66 38 0 10 0 


40 30
    0 171 166 167 168 169 170 175 4 0 1 0 4 95 4 0 126 125 97 69 41 13 12 13 7 66 38 0 10 0 
    1 172 167 168 169 170 9 10 0 123 2 1 0 123 0 1 127 126 98 70 69 41 40 41 13 7 6 5 0 1 
    2 173 168 169 170 9 171 0 1 2 3 2 123 124 123 2 128 127 99 71 70 69 68 69 41 13 12 11 1 2 
    3 174 169 170 9 171 172 1 2 3 4 3 124 3 2 3 129 128 100 99 98 97 96 97 69 41 40 39 2 3 
    4 175 170 9 171 172 173 2 3 4 0 4 3 67 3 4 130 129 128 100 99 98 97 98 70 69 68 67 3 4 
    0 10 9 171 172 173 174 3 4 0 123 95 67 95 4 0 131 130 129 101 100 99 98 99 98 97 96 95 4 0 
    1 0 171 172 173 174 175 4 0 1 2 123 95 123 95 123 0 131 130 102 101 100 99 127 126 125 124 123 0 1 
    2 1 172 173 174 175 10 0 1 2 3 2 123 2 123 2 1 0 131 130 129 101 100 128 127 126 125 124 123 2 
    3 2 173 174 175 10 0 1 2 3 4 3 2 3 2 39 11 1 132 131 130 129 101 129 128 127 126 125 124 3 
    4 3 174 175 10 0 1 2 3 4 0 4 3 4 3 67 39 11 1 132 131 130 129 3 129 128 127 126 125 4 
    0 4 175 10 0 5 11 39 67 95 123 95 67 95 67 68 40 12 11 1 0 4 3 67 3 129 128 127 126 0 
    1 0 10 0 5 11 39 67 95 123 2 123 95 123 95 96 68 40 39 11 1 0 4 95 67 3 129 128 127 1 
    2 123 0 1 11 39 40 68 96 124 3 2 123 124 123 124 96 68 40 39 2 123 95 96 95 4 130 129 128 2 
